brute:
0.185
0.078
0.053
0.069
0.078
0.054
0.069
0.062
0.054
0.062
0.053
0.064
0.052
0.085
0.046
0.069
0.07
0.062
0.053
0.077
0.074
0.064
0.052
0.069
0.062
0.069
0.053
0.062
0.053
0.084
0.063
0.054
0.062
0.069
0.054
0.062
0.069
0.064
0.052
0.054
0.078
0.063
0.058
0.063
0.077
0.051
0.062
0.069
0.078
0.068
0.069
0.07
0.067
0.066
0.052
0.063
0.054
0.062
0.053
0.053
0.063
0.068
0.069
0.063
0.068
0.065
0.051
0.054
0.062
0.054
0.062
0.054
0.069
0.046
0.054
0.047
0.069
0.082
0.065
0.053
0.047
0.069
0.069
0.063
0.053
0.063
0.069
0.053
0.047
0.085
0.047
0.069
0.053
0.062
0.069
0.07
0.062
0.053
0.084
0.064
0.069
0.062
0.07
0.059
0.063
0.067
0.054
0.063
0.069
0.068
0.063
0.069
0.053
0.078
0.069
0.069
0.063
0.069
0.069
0.062
0.077
0.066
0.069
0.063
0.069
0.064
0.052
0.053
0.063
0.069
0.069
0.062
0.054
0.062
0.069
0.069
0.063
0.053
0.069
0.063
0.068
0.069
0.063
0.053
0.063
0.069
0.053
0.063
0.069
0.065
0.051
0.069
0.062
0.069
0.069
0.083
0.064
0.069
0.069
0.063
0.069
0.068
0.063
0.053
0.062
0.084
0.053
0.063
0.069
0.069
0.062
0.069
0.069
0.065
0.051
0.069
0.078
0.069
0.053
0.116
0.083
0.064
0.069
0.069
0.079
0.074
0.073
0.075
0.08
0.058
0.062
0.107
0.064
0.076
0.084
0.062
0.085
0.069
0.063
0.084
0.069
0.047
0.069
0.053
0.063
0.053
0.063
0.072
0.071
0.061
0.065
0.101
0.068
0.147
0.145
0.202
0.08
0.08
0.1
0.115
0.075
0.064
0.069
0.069
0.062
0.069
0.069
0.063
0.069
0.062
0.054
0.069
0.062
0.054
0.085
0.062
0.053
0.07
0.062
0.069
0.069
0.046
0.069
0.063
0.053
0.069
0.062
0.069
0.069
0.063
0.053
0.084
0.063
0.069
0.069
0.063
0.053
0.078
0.053
0.069
0.062
0.069
0.069
0.063
0.069
0.053
0.078
0.054
0.069
0.062
0.069
0.069
0.062
0.085
0.068
0.063
0.069
0.069
0.063
0.069
0.053
0.063
0.053
0.047
0.069
0.068
0.048
0.068
0.079
0.068
0.053
0.063
0.069
0.069
0.08
0.065
0.066
0.057
0.065
0.054
0.055
0.044
0.063
0.068
0.069
0.063
0.053
0.063
0.084
0.069
0.069
0.062
0.07
0.069
0.078
0.069
0.053
0.063
0.053
0.047
0.053
0.063
0.053
0.063
0.053
0.054
0.046
0.054
0.062
0.054
0.047
0.053
0.063
0.053
0.068
0.048
0.053
0.047
0.069
0.047
0.053
0.047
0.054
0.062
0.054
0.047
0.053
0.068
0.048
0.053
0.047
0.073
0.055
0.046
0.047
0.053
0.062
0.053
0.047
0.069
0.047
0.053
0.063
0.052
0.053
0.047
0.053
0.047
0.068
0.047
0.053
0.047
0.053
0.047
0.068
0.069
0.084
0.047
0.085
0.069
0.046
0.069
0.047
0.054
0.047
0.053
0.063
0.053
0.047
0.053
0.067
0.049
0.054
0.046
0.054
0.078
0.084
0.069
0.067
0.049
0.053
0.047
0.069
0.047
0.053
0.063
0.053
0.066
0.05
0.053
0.047
0.054
0.062
0.054
0.047
0.053
0.062
0.054
0.065
0.051
0.053
0.047
0.053
0.063
0.053
0.047
0.054
0.062
0.054
0.046
0.054
0.063
0.053
0.053
0.047
0.053
0.063
0.053
0.047
0.054
0.062
0.054
0.046
0.054
0.066
0.05
0.053
0.047
0.053
0.063
0.053
0.047
0.069
0.047
0.054
0.066
0.049
0.054
0.047
0.053
0.063
0.053
0.063
0.053
0.047
0.053
0.065
0.051
0.054
0.046
0.054
0.062
0.054
0.047
0.069
0.047
0.053
0.064
0.052
0.053
0.047
0.067
0.047
0.047
0.069
0.062
0.054
0.046
0.054
0.069
0.047
0.053
0.063
0.053
0.047
0.053
0.063
0.053
0.067
0.054
0.055
0.054
0.054
0.046
0.062
0.054
0.047
0.053
0.063
0.053
0.065
0.051
0.053
0.047
0.054
0.062
0.054
0.046
0.069
0.047
0.053
0.065
0.051
0.081
0.061
0.073
0.074
0.055
0.047
0.054
0.062
0.054
0.046
0.054
0.062
0.054
0.065
0.051
0.053
0.047
0.069
0.047
0.053
0.063
0.053
0.047
0.053
0.067
0.049
0.054
0.047
0.053
0.062
0.054
0.062
0.054
0.047
0.053
0.065
0.05
0.053
0.063
0.053
0.047
0.054
0.062
0.053
0.065
0.051
0.054
0.047
0.053
0.063
0.053
0.1
0.063
0.069
0.053
0.047
0.069
0.047
0.053
0.063
0.053
0.063
0.053
0.054
0.047
0.069
0.046
0.053
0.063
0.053
0.063
0.053
0.054
0.047
0.068
0.047
0.053
0.063
0.053
0.064
0.052
0.054
0.062
0.053
0.063
0.053
0.066
0.05
0.063
0.057
0.04
0.062
0.053
0.064
0.052
0.054
0.047
0.053
0.063
0.053
0.047
0.069
0.047
0.053
0.068
0.048
0.053
0.063
0.053
0.047
0.054
0.062
0.054
0.069
0.046
0.054
0.062
0.054
0.047
0.053
0.063
0.053
0.064
0.052
0.053
0.063
0.053
0.047
0.053
0.063
0.053
0.065
0.051
0.054
0.047
0.053
0.062
0.054
0.062
0.054
0.064
0.052
0.053
0.047
0.053
0.047
0.065
0.055
0.054
0.047
0.053
0.062
0.054
0.047
0.053
0.069
0.047
0.053
0.063
0.053
0.047
0.069
0.069
0.047
0.054
0.062
0.053
0.063
0.053
0.047
0.054
0.068
0.048
0.053
0.062
0.054
0.047
0.053
0.063
0.053
0.066
0.05
0.053
0.063
0.053
0.047
0.067
0.047
0.062
0.054
0.047
0.053
0.069
0.047
0.053
0.063
0.053
0.063
0.053
0.047
0.053
0.069
0.047
0.054
0.062
0.054
0.046
0.069
0.047
0.054
0.068
0.048
0.053
0.063
0.053
0.062
0.054
0.047
0.053
0.071
0.055
0.056
0.055
0.055
0.055
0.057
0.051
0.047
0.053
0.063
0.053
0.068
0.048
0.053
0.063
0.053
0.063
0.053
0.047
0.069
0.053
0.047
0.069
0.047
0.069
0.047
0.069
0.054
0.062
0.054
0.078
0.053
0.069
0.063
0.069
0.053
0.063
0.053
0.063
0.053
0.047
0.043
0.064
0.063
0.053
0.047
0.069
0.047
0.053
0.069
0.047
0.069
0.047
0.053
0.063
0.053
0.067
0.049
0.053
0.063
0.053
0.063
0.053
0.063
0.053
0.054
0.062
0.053
0.063
0.053
0.047
0.069
0.054
0.062
0.054
0.062
0.053
0.065
0.051
0.054
0.062
0.054
0.062
0.054
0.046
0.07
0.053
0.062
0.054
0.062
0.054
0.047
0.069
0.053
0.047
0.07
0.057
0.048
0.068
0.048
0.053
0.063
0.053
0.063
0.053
0.068
0.048
0.053
0.063
0.069
0.084
0.063
0.069
0.069
0.047
0.069
0.053
0.062
0.054
0.062
0.054
0.066
0.05
0.053
0.063
0.053
0.063
0.058
0.049
0.063
0.053
0.064
0.052
0.054
0.062
0.053
0.063
0.053
0.065
0.051
0.053
0.063
0.053
0.063
0.053
0.047
0.069
0.054
0.062
0.053
0.063
0.053
0.047
0.069
0.053
0.063
0.053
0.047
0.069
0.047
0.054
0.069
0.047
0.053
0.063
0.053
0.062
0.054
0.069
0.047
0.053
0.063
0.053
0.063
0.053
0.067
0.049
0.053
0.063
0.053
0.063
0.053
0.047
0.069
0.069
0.047
0.068
0.085
0.07
0.049
0.063
0.053
0.062
0.054
0.047
0.069
0.053
0.047
0.069
0.047
0.069
0.047
0.069
0.053
0.063
0.053
0.047
0.071
0.05
0.061
0.056
0.047
0.053
0.063
0.053
0.063
0.053
0.069
0.047
0.054
0.062
0.054
0.062
0.053
0.065
0.051
0.054
0.062
0.054
0.062
0.054
0.046
0.069
0.054
0.047
0.069
0.047
0.053
0.063
0.053
0.069
0.047
0.069
0.047
0.053
0.063
0.069
0.059
0.047
0.063
0.063
0.053
0.047
0.069
0.053
0.063
0.053
0.047
